// PPF threshold
tppf1 = 0.01;
tppf2 = 0.087222222; // 5.0 * M_PI/180.0
tppf3 = 0.087222222; // 5.0 * M_PI/180.0
tppf4 = 0.017444444; // 1.0 * M_PI/180.0 
